132.579
202.113
216.238
179.118
86.9876
169.574
202.429
108.19
106.41
149.847
55.6377
53.8796
57.8927
58.5715
54.3749
57.7742
58.41
56.2263
56.7488
56.2758
296.557
297.629
293.903
294.436
296.5
295.294
294.965
297.852
296.476
296.094
248.988
251.303
248.607
250.476
247.287
245.685
252.648
250.792
250.553
253.897
672.138
652.435
656.136
674.14
663.507
675.002
670.031
682.299
669.973
670.578
654.682
640.226
629.869
649.415
635.56
646.105
641.74
679.331
648.483
650.311
657.364
658.922
664.183
654.525
660.158
659.587
662.363
653.407
659.711
657.651
