187.762
155.063
160.205
130.565
142.999
135.784
182.304
199.659
165.433
216.355
101.532
103.036
93.3469
101.393
101.887
98.36
102.615
93.0074
99.351
95.4383
326.924
327.814
325.332
331.209
331.665
327.268
325.428
323.494
322.134
321.082
270.119
276.705
269.984
275.103
268.603
268.331
270.682
269.416
269.174
272.341
820.968
805.638
820.402
820.481
851.569
831.602
830.262
799.659
831.825
793.809
744.787
753.851
750.031
759.486
765.536
704.905
727.425
730.118
753.317
768.513
686.999
690.246
679.59
684.847
673.843
687.667
688.579
678.723
675.931
683.579
