141.619
173.376
166.763
204.348
126.442
241.709
234.663
156.37
150.084
196.884
64.1286
62.8615
62.2728
62.8487
60.9366
66.966
61.1391
62.5866
64.5136
62.7481
303.561
299.66
299.14
301.767
299.456
299.08
297.761
298.313
295.437
297.112
261.254
261.192
259.439
261.361
263.577
262.613
260.331
263.612
258.627
262.327
703.23
745.474
738.831
750.303
707.196
705.457
719.236
755.028
691.778
693.491
559.855
545.513
532.26
537.349
552.964
553.776
538.381
555.057
564.399
528.804
653.398
648.005
651.297
639.665
652.636
649.845
649.762
650.897
658.716
646.447
