109.244
109.617
121.28
241.658
179.982
105.747
126.405
185.004
172.79
123.193
87.6268
81.8766
81.6939
82.9583
81.9536
85.2372
84.9533
86.4156
87.4913
82.6923
332.221
334.319
327.751
330.039
330.007
330.483
333.194
328.552
331.897
327.003
284.523
281.968
282.47
282.685
279.507
282.324
283.121
285.007
282.023
283.602
804.773
813.403
791.893
829.866
785.583
810.851
808.293
795.632
801.375
760.812
723.45
699.891
728.897
707.98
706.326
713.53
700.743
735.68
716.142
695.841
703.223
701.747
700.191
713.516
699.307
719.783
705.508
715.801
716.072
703.087
