123.997
158.299
172.32
140.069
111.48
114.523
136.604
220.91
81.5001
107.464
55.6559
51.6508
52.5341
46.6955
51.4484
48.7363
56.9604
49.7784
56.2042
47.2753
297.692
296.987
299.014
296.576
294.659
295.866
293.411
297.302
297.334
291.071
249.643
244.858
246.563
244.487
251.146
246.506
247.242
249.395
243.861
243.709
717.755
705.147
714.979
699.549
721.629
686.37
715.121
713.211
675.749
698.403
620.981
625.951
590.973
591.757
585.151
576.548
615.298
590.446
581.931
606.149
650.225
647.851
645.523
659.601
647.778
648.634
650.265
645.097
647.056
640.144
