155.676
196.673
208.458
184.741
146.681
107.415
171.108
156.531
137.013
168.205
96.3281
100.14
96.1313
87.6156
88.451
99.5651
102.97
92.7717
90.2447
93.4865
326.998
323.129
321.246
319.553
322.741
319.142
322.421
320.628
319.598
316.592
258.174
259.399
257.946
259.788
258.61
261.957
259.965
262.438
261.292
263.285
914.329
948.486
898.665
983.431
930.759
918.945
908.864
959.99
932.351
955.866
585.121
619.441
604.884
577.956
628.375
593.505
600.964
602.723
610.233
623.448
687.434
694.432
676.053
705.091
689.219
677.467
684.626
680.884
677.365
679.819
