206.622
140.034
227.008
189.37
187.907
374.058
347.873
236.895
370.381
212.37
172.819
176.782
153.808
155.788
164.472
162.71
164.663
168.126
163.469
167.448
296.08
301.206
297.656
295.991
291.053
294.156
289.23
296.181
290.869
292.474
267.005
256.261
257.185
259.784
266.298
259.825
259.879
269.456
255.77
262.126
1136.81
1147.5
1194.62
1167.69
1163.34
1143.87
1144.14
1213.18
1073.82
1171.45
568.319
570.426
563.363
557.137
562.15
572.699
567.162
579.158
537.46
569.788
660.257
671.051
647.333
661.09
665.759
648.863
650.838
654.875
650.25
666.858
