311.388
241.667
234.289
291.774
357.371
314.089
252.755
328.332
320.548
308.927
55.7062
58.2585
55.2285
58.0883
56.9892
59.4048
56.8309
54.4675
58.0222
54.6514
309.866
307.482
314.915
311.612
308.923
305.118
308.738
308.083
305.517
308.131
254.915
255.958
259.142
255.814
255.449
255.045
254.861
256.983
254.699
254.308
780.15
755.96
767.614
795.72
783.373
787.939
796.436
804.054
751.477
858.843
598.645
580.833
610.041
582.367
596.22
617.49
617.138
629.93
616.719
622.408
682.064
689.233
678.327
676.322
685.869
685.528
688.958
665.749
684.518
676.544
