147.171
138.522
131.443
104.494
334.598
162.425
132.827
156.401
104.43
110.032
84.6928
78.026
79.3486
80.803
76.457
78.1706
79.0506
78.4694
77.9021
80.0657
318.499
320.378
318.838
319.408
322.366
314.359
315.442
316.57
320.643
315.375
263.883
261.497
261.392
262.098
263.299
263.381
260.242
260.977
265.965
261.795
729.508
720.568
733.94
744.752
709.597
728.663
736.647
702.563
736.656
746.018
698.371
711.733
685.953
689.969
681.774
722.141
668.429
772.404
684.033
674.06
677.284
687.807
675.494
682.984
678.296
681.653
676.835
683
683.673
690.303
