90.1471
132.181
122.533
93.5703
197.787
140.78
180.129
121.414
151.927
197.847
77.619
75.701
73.7571
81.0381
77.9752
80.6682
72.3381
78.2525
77.8564
77.5808
334.573
330.494
330.784
343.963
329.877
327.15
327.909
330.666
334.409
331.018
271.768
266.364
264.769
269.442
268.46
273.747
266.734
269.828
272.951
271.829
783.012
761.362
760.688
776.56
823.1
804.266
753.325
742.84
742.055
762.34
683.169
686.479
721.917
655.187
683.202
655.999
707.85
680.023
709.56
678.872
703.091
695.32
695.216
687.534
691.133
685.67
686.248
684.436
688.26
678.021
