157.47
184.848
236.159
136.15
154.888
142.577
108.449
129.779
145.614
80.4098
61.4015
58.5561
52.9506
66.9727
53.9364
52.3853
55.6562
63.7187
60.0923
60.0929
309.422
313.676
315.7
312.826
313.942
311.572
310.938
316.302
309.725
311.127
246.195
247.389
248.065
246.847
247.45
245.627
244.343
244.029
244.299
244.364
624.203
616.693
618.649
632.209
621.936
631.695
626.432
633.564
607.631
621.954
631.888
657.658
628.011
627.11
635.036
604.091
618.103
626.941
619.538
616.155
669.708
663.812
677.122
673.191
671.816
674.796
673.382
677.274
661.603
675.856
