164.434
155.428
231.905
159.586
140.075
147.722
135.48
173.84
146.169
125.59
101.997
96.6927
103.629
99.6096
92.1649
98.8442
96.4428
97.1414
93.1111
93.5435
331.2
331.343
328.294
332.502
327.6
330.612
329.102
329.184
332.525
329.705
271.069
267.362
268.702
268.109
269.283
268.534
269.433
268.377
265.949
270.144
876.862
862.871
895.649
832.905
844.52
857.807
852.334
862.976
828.168
822.676
735.978
723.901
735.55
718.71
716.125
719.497
713.778
691.467
742.437
696.921
729.519
721.345
719.201
717.847
726.919
724.195
723.107
726.184
724.191
731.203
