160.165
150.026
154.871
151.551
162.268
192.406
205.495
155.207
189.497
193.527
148.483
147.384
146.276
144.705
149.866
149.1
145.232
146.614
150.532
147.75
363.23
365.609
362.735
362.395
360.885
362.456
360.944
361.76
365.662
366.16
282.681
285.021
280.876
280.133
281.507
283.377
282.407
281.394
284.112
284.155
875.091
897.481
906.353
900.773
850.797
876.441
856.377
877.549
863.557
858.62
898.996
890.26
912.169
887.438
909.764
891.416
900.586
918.267
905.743
920.64
717.962
724.668
717.393
723.781
721.255
735.975
720.25
717.476
713.144
718.905
