124.284
160.922
261.025
118.323
136.957
156.68
127.862
154.639
180.358
137.322
84.2363
86.1182
83.1965
83.6701
89.1234
85.7242
74.6451
78.5954
79.1347
76.837
322.276
323.259
322.142
320.428
325.173
321.318
321.157
324.606
319.775
317.966
259.317
262.951
265.918
259.966
263.016
259.406
260.784
266.254
266.531
262.987
744.938
744.741
739.003
755.287
756.484
768.757
760.017
728.731
767.029
731.811
656.023
616.445
581.65
596.075
591.792
584.099
629.375
608.297
589.38
560.818
690.558
681.587
685.008
678.49
693.603
688.163
686.731
681.155
680.139
679.752
