116.431
208.443
214.131
179.517
145.08
203.003
124.231
99.9526
173.088
175.664
57.0797
56.5914
57.4416
54.2404
56.9695
56.5907
55.4961
59.506
62.6738
53.8381
313.636
315.759
313.96
313.147
313.839
312.477
313.362
312.187
316.29
313.403
257.475
261.201
256.738
256.281
257.478
261.518
258.657
258.119
255.628
257.71
690.607
684.04
707.444
689.041
696.435
738.15
668.437
650.31
672.288
693.634
606.646
605.643
634.225
597.439
608.678
608.142
606.266
608.281
606.635
625.684
660.234
682.224
674.783
680.633
680.4
664.141
694.307
649.155
678.375
668.854
