115.182
259.771
113.687
115.146
200.277
95.7005
142.903
115.669
147.047
134.203
105.853
106.118
103.988
103.899
105.986
103.357
104.344
101.657
106.557
102.8
336.059
335.158
339.267
334.955
335.008
336.888
335.802
336.815
334.067
336.921
269.792
266.74
266.009
266.39
264.639
267.331
270.013
262.7
266.797
263.036
836.182
804.98
819.663
824.232
833.491
818.481
811.384
810.181
804.22
799.145
819.069
802.253
780.489
787.498
831.397
779.891
798.334
772.339
754.846
750.719
751.559
737.937
746.871
727.343
740.749
744.102
746.109
747.796
731.995
733.783
