178.301
173
185.64
238.397
174.319
264.371
166.975
145.956
169.955
274.603
76.5677
75.2655
74.4875
73.4294
71.0841
70.0044
70.7912
69.5217
69.0381
70.0446
317.276
315.821
318.289
317.688
312.213
315.126
313.447
314.151
311.935
310.794
259.633
258.212
261.008
259.704
259.697
260.46
258.307
261.231
259.146
260.17
774.564
764.751
734.87
767.751
755.843
791.017
763.698
775.348
768.797
769.13
611.8
560.921
574.395
552.928
552.956
545.297
555.166
553.096
561.916
574.315
670.522
655.827
657.288
672.72
661.296
668.595
658.472
655.756
656.817
669.527
