208.139
299.154
168.985
187.444
300.123
218.565
186.776
156.821
255.152
197.934
226.819
231.575
231.203
230.029
226.59
226.15
230.517
230.785
228.007
227.953
351.597
350.91
355.241
350.88
353.553
353.926
353.09
351.786
349.548
353.274
289.359
293.724
294.627
289.25
295.208
296.411
290.598
292.463
287.931
291.266
1013.48
1008.22
1027.68
983.165
1006.59
1006.73
1006.32
993.647
999.791
1006
874.95
856.997
842.389
824.861
842.067
860.572
850.969
839.828
854.656
833.573
789.349
782.111
787.247
782.742
786.096
796.924
800.834
787.833
787.014
800.85
