104.454
96.7536
89.2486
75.4291
93.8029
101.415
73.9933
115.62
90.0581
93.2884
178.473
178.826
187.327
179.78
176.602
177.64
180.049
176.27
179.043
177.35
404.603
402.581
403.603
403.621
402.944
401.854
402.953
401.628
401.672
407.366
375.74
380.448
380.865
377.258
376.284
376.614
378.376
379.884
376.352
377.24
1767.18
1764.88
1767.44
1786.22
1771.71
1795.79
1761.85
1748.65
1761.44
1745.12
1514.93
1502.5
1491.49
1490.87
1491.69
1499.31
1494.47
1536.5
1497.22
1503.01
1144.35
1097.57
1109.9
1096.14
1090.34
1105.74
1107.97
1150.09
1105.76
1103.67
