182.781
139.666
188.618
100.371
150.953
207.749
146.598
162.475
169.054
201.84
96.1678
95.6625
85.6612
88.7588
90.081
92.513
86.0612
91.8862
88.6713
92.0716
333.638
335.152
333.529
332.531
331.38
333.313
329.083
333.735
333.716
333.245
272.755
274.276
270.858
277.744
272.381
275.129
270.95
267.775
275.541
274.581
806.416
823.556
804.943
789.657
820.684
811.246
812.796
817.845
802.967
842.344
734.655
759.796
725.511
732.917
728.374
712.115
719.412
727.053
717.529
706.914
732.506
729.612
737.17
748.025
739.827
727.066
749.012
728.178
728.091
729.255
