215.948
230.212
157.641
159.547
193.973
235.457
225.037
128.974
149.407
243.696
56.2161
54.7211
54.3856
61.3118
59.7042
57.418
59.2829
59.8571
56.0278
53.5331
308.513
300.603
301.38
300.641
301.306
295.72
301.886
299.177
304.557
301.416
253.401
254.557
255.683
255.003
257.614
257.181
257.803
255.302
256.505
257.01
688.578
690.354
725.812
694.802
707.848
697.984
699.851
710.924
682.333
689.951
583.693
571.865
567.928
571.393
578.755
573.792
591.089
614.099
581.698
583.623
661.757
657.402
670.601
659.868
657.061
668.648
661.159
655.776
667.946
650.403
