288.22
306.07
254.84
124.705
270.613
117.418
262.73
155.716
173.755
133.557
225.062
232.649
225.227
226.051
225.641
220.626
226.463
226.311
224.635
226.067
358.91
358.525
357.803
355.153
353.275
353.679
356.692
357.956
356.4
354.969
281.178
280.724
279.755
281.886
277.799
282.897
276.766
280.347
278.567
278.621
1092.52
1129.14
1128.93
1097.4
1093.37
1104.69
1099.96
1120
1078.7
1102.75
810.319
826.988
833.013
837.519
832.362
801.155
827.955
831.339
839.393
821.631
742.213
745.85
758.668
739.937
741.158
739.028
740.92
747.535
746.624
748.018
