153.504
175.52
142.808
134.412
150.406
109.523
115.402
151.795
127.442
122.332
99.5125
102.524
106.716
106.566
84.0648
100.105
115.817
100.705
98.0367
90.4941
312.582
310.622
308.377
312.858
310.064
313.84
309.334
311.679
313.82
308.853
255.59
260.055
256.491
257.547
257.754
258.652
260.559
258.521
262.363
257.198
833.334
771.883
791.644
786.433
816.882
803.019
813.748
770.069
782.068
803.431
680.845
671.086
674.346
646.654
644.817
644.999
645.706
672.807
640.608
636.015
674.178
672.51
663.944
657.193
658.828
668.293
674.388
665.125
665.558
663.736
