285.568
185.619
130.12
134.403
151.49
248.815
152.006
244.273
173.876
213.737
162.737
158.097
153.923
154.583
166.915
153.423
158.011
161.254
155.431
160.319
371.198
369.232
371.286
370.24
368.506
364.073
370.551
368.983
372.437
364.076
277.174
283.208
275.453
277.426
280.704
274.424
280.944
278.082
276.166
276.07
1150.11
1119.08
1108.71
1118.66
1127.21
1157.05
1109.28
1129.95
1139.88
1152.2
930.037
950.682
913.371
932.035
919.041
925.338
938.119
947.28
909.445
939.348
781.022
772.831
763.801
776.913
785.161
782.717
783.827
773.654
793.218
774.674
