110.351
164.091
181.739
125.123
118.37
143.658
126.026
126.191
127.518
128.078
58.5645
56.633
63.0977
61.5194
58.1411
58.3828
54.5781
49.7877
57.135
56.8301
308.228
303.23
309.927
304.334
301.649
307.918
306.178
304.226
300.758
299.731
254.515
253.71
252.733
254.103
254.236
252.693
254.057
253.185
252.843
254.483
684.157
685.5
691.92
693.105
652.169
712.855
686.074
692.312
683.391
700.349
636.706
567.923
614.657
570.467
582.871
586.523
575.877
572.773
594.845
585.688
663.79
664.237
657.879
663.316
663.316
657.953
662.625
669.296
659.785
657.027
