168.712
101.729
209.333
184.408
160.083
183.214
231.729
111.748
130.803
99.3201
89.6416
88.1512
86.1871
87.5008
82.9427
87.4618
90.7508
90.5526
85.6469
91.4943
317.916
317.839
314.072
315.914
316.901
321.648
320.916
317.719
316.295
314.413
272.778
264.281
262.609
261.841
267.555
267.273
258.139
268.938
266.096
260.875
929.547
961.284
916.36
1040.23
903.416
925.223
961.136
930.965
909.795
916.088
630.178
654.211
653.275
637.43
643.335
640.631
671.093
621.602
661.945
645.665
672.524
669.72
672.146
671.798
668.229
670.731
678.808
671.6
675.598
680.402
