143.1
128.12
322.675
200.836
159.2
261.682
139.007
133.742
197.303
409.109
215.139
211.244
201.77
204.122
198.455
217.776
208.026
208.132
209.922
203.326
352.706
354.941
351.633
350.102
348.054
351.464
353.143
354.88
354.893
350.53
278.992
277.991
279.33
278.015
277.473
277.305
277.213
277.771
277.083
278.073
1126.31
1129.18
1100.75
1113.95
1112.92
1147.98
1110.97
1097.06
1111.37
1114.02
874.02
875.812
882.552
878.473
891.828
876.649
859.56
873.557
861.815
894.01
775.289
769.779
771.089
779.785
760.826
765.671
769.082
757.89
761.572
758.506
